Chi5
[0.0228131  0.03370841 0.05029315 0.05988643 0.07017751 0.08059978
 0.09144686 0.09228965 0.09872947 0.10348986 0.10846085 0.11487368
 0.11842524 0.12287379 0.12843627 0.13356612 0.13778532 0.14241443
 0.14643861 0.14820345 0.14502405 0.13942231]

Chi10
[0.01136738 0.01953752 0.03704747 0.05808157 0.09144444 0.09614193
 0.13091051 0.13779951 0.15476022 0.16463919 0.20302607 0.21693358
 0.22418581 0.2454178  0.24804726 0.25841871 0.25953786 0.2539753
 0.2389463  0.20527118 0.17469139 0.14371819]

Chi20
[0.0053428  0.00878832 0.01819614 0.02875409 0.04035137 0.06412415
 0.17060028 0.19889614 0.30135672 0.40771424 0.45608651 0.4520891
 0.38778257 0.30909101 0.24516423 0.22822211 0.14060121 0.11684732
 0.08644503]

Chi30
[0.00398289 0.00638137 0.01403413 0.0140814  0.01955748 0.06808839
 0.12646755 0.20264016 0.2711055  0.56078968 0.70385068 0.64618155
 0.54716407 0.34809793 0.31681059 0.24836605 0.1549282  0.12490173
 0.08483292 0.06336065]

AllMag5
 [0.990656   0.986712   0.981804   0.9643     0.96098    0.94128
 0.884248   0.873076   0.8718     0.857672   0.86247954 0.814972
 0.807668   0.743236   0.752592   0.728836   0.673524   0.62637007
 0.61323762 0.61052632 0.461792   0.52556    0.47487328]

 AllMag10
[0.992425   0.987349   0.981052   0.969579   0.953791   0.938284
 0.90721    0.87619    0.887544   0.816566   0.781936   0.772486
 0.760937   0.707166   0.615403   0.47332641 0.445541   0.386862
 0.343435   0.343065   0.327115   0.227603   0.257543  ]

 AllMag20
[0.99137175 0.9889835  0.98057825 0.97034225 0.95741675 0.92695275
 0.9125575  0.88041075 0.87515375 0.84232075 0.8118315  0.70769825
 0.56118025 0.4672215  0.38665975 0.26346425 0.2104755  0.126035
 0.157275   0.1175665  0.11777225 0.09892175]
 
 AllMag30
[0.99467678 0.98597911 0.98383922 0.97112744 0.96438411 0.93313722
 0.928148   0.89544333 0.86741378 0.76306344 0.72751567 0.61947678
 0.20731511 0.14010456 0.14367444 0.03372011]